1.000000000000000000e+00
1.100000000000000000e+01
2.100000000000000000e+01
3.100000000000000000e+01
4.100000000000000000e+01
5.100000000000000000e+01
6.100000000000000000e+01
7.100000000000000000e+01
8.100000000000000000e+01
9.100000000000000000e+01
1.010000000000000000e+02
1.110000000000000000e+02
1.210000000000000000e+02
1.310000000000000000e+02
1.410000000000000000e+02
1.510000000000000000e+02
1.610000000000000000e+02
1.710000000000000000e+02
1.810000000000000000e+02
1.910000000000000000e+02
2.010000000000000000e+02
2.110000000000000000e+02
2.210000000000000000e+02
2.310000000000000000e+02
2.410000000000000000e+02
2.510000000000000000e+02
2.610000000000000000e+02
2.710000000000000000e+02
2.810000000000000000e+02
2.910000000000000000e+02
3.010000000000000000e+02
3.110000000000000000e+02
3.210000000000000000e+02
3.310000000000000000e+02
3.410000000000000000e+02
3.510000000000000000e+02
3.610000000000000000e+02
3.710000000000000000e+02
3.810000000000000000e+02
3.910000000000000000e+02
4.010000000000000000e+02
4.110000000000000000e+02
4.210000000000000000e+02
4.310000000000000000e+02
4.410000000000000000e+02
4.510000000000000000e+02
4.610000000000000000e+02
4.710000000000000000e+02
4.810000000000000000e+02
4.910000000000000000e+02
5.010000000000000000e+02
5.110000000000000000e+02
5.210000000000000000e+02
5.310000000000000000e+02
5.410000000000000000e+02
5.510000000000000000e+02
5.610000000000000000e+02
5.710000000000000000e+02
5.810000000000000000e+02
5.910000000000000000e+02
6.010000000000000000e+02
6.110000000000000000e+02
6.210000000000000000e+02
6.310000000000000000e+02
6.410000000000000000e+02
6.510000000000000000e+02
6.610000000000000000e+02
6.710000000000000000e+02
6.810000000000000000e+02
6.910000000000000000e+02
7.010000000000000000e+02
7.110000000000000000e+02
7.210000000000000000e+02
7.310000000000000000e+02
7.410000000000000000e+02
7.510000000000000000e+02
7.610000000000000000e+02
7.710000000000000000e+02
7.810000000000000000e+02
7.910000000000000000e+02
8.010000000000000000e+02
8.110000000000000000e+02
8.210000000000000000e+02
8.310000000000000000e+02
8.410000000000000000e+02
8.510000000000000000e+02
8.610000000000000000e+02
8.710000000000000000e+02
8.810000000000000000e+02
8.910000000000000000e+02
9.010000000000000000e+02
9.110000000000000000e+02
9.210000000000000000e+02
9.310000000000000000e+02
9.410000000000000000e+02
9.510000000000000000e+02
9.610000000000000000e+02
9.710000000000000000e+02
9.810000000000000000e+02
9.910000000000000000e+02
