 0.00000  0.00000
 0.09009  0.00157
 0.18018  0.00314
 0.27027  0.00472
 0.36036  0.00629
 0.45045  0.00786
 0.54054  0.00943
 0.63063  0.01101
 0.72072  0.01258
 0.81081  0.01415
 0.90090  0.01572
 0.99099  0.01730
 1.08108  0.01887
 1.17117  0.02044
 1.26126  0.02201
 1.35135  0.02358
 1.44144  0.02516
 1.53153  0.02673
 1.62162  0.02830
 1.71171  0.02987
 1.80180  0.03144
 1.89189  0.03301
 1.98198  0.03459
 2.07207  0.03616
 2.16216  0.03773
 2.25225  0.03930
 2.34234  0.04087
 2.43243  0.04244
 2.52252  0.04401
 2.61261  0.04558
 2.70270  0.04715
 2.79279  0.04872
 2.88288  0.05029
 2.97297  0.05186
 3.06306  0.05344
 3.15315  0.05501
 3.24324  0.05658
 3.33333  0.05814
 3.42342  0.05971
 3.51351  0.06128
 3.60360  0.06285
 3.69369  0.06442
 3.78378  0.06599
 3.87387  0.06756
 3.96396  0.06913
 4.05405  0.07070
 4.14414  0.07227
 4.23423  0.07383
 4.32432  0.07540
 4.41441  0.07697
 4.50450  0.07854
 4.59459  0.08010
 4.68468  0.08167
 4.77477  0.08324
 4.86486  0.08481
 4.95495  0.08637
 5.04505  0.08794
 5.13514  0.08951
 5.22523  0.09107
 5.31532  0.09264
 5.40541  0.09420
 5.49550  0.09577
 5.58559  0.09733
 5.67568  0.09890
 5.76577  0.10046
 5.85586  0.10203
 5.94595  0.10359
 6.03604  0.10515
 6.12613  0.10672
 6.21622  0.10828
 6.30631  0.10984
 6.39640  0.11141
 6.48649  0.11297
 6.57658  0.11453
 6.66667  0.11609
 6.75676  0.11765
 6.84685  0.11922
 6.93694  0.12078
 7.02703  0.12234
 7.11712  0.12390
 7.20721  0.12546
 7.29730  0.12702
 7.38739  0.12858
 7.47748  0.13014
 7.56757  0.13170
 7.65766  0.13325
 7.74775  0.13481
 7.83784  0.13637
 7.92793  0.13793
 8.01802  0.13948
 8.10811  0.14104
 8.19820  0.14260
 8.28829  0.14415
 8.37838  0.14571
 8.46847  0.14727
 8.55856  0.14882
 8.64865  0.15037
 8.73874  0.15193
 8.82883  0.15348
 8.91892  0.15504
 9.00901  0.15659
 9.09910  0.15814
 9.18919  0.15969
 9.27928  0.16125
 9.36937  0.16280
 9.45946  0.16435
 9.54955  0.16590
 9.63964  0.16745
 9.72973  0.16900
 9.81982  0.17055
 9.90991  0.17210
10.00000  0.17365
10.09009  0.17520
10.18018  0.17674
10.27027  0.17829
10.36036  0.17984
10.45045  0.18139
10.54054  0.18293
10.63063  0.18448
10.72072  0.18602
10.81081  0.18757
10.90090  0.18911
10.99099  0.19065
11.08108  0.19220
11.17117  0.19374
11.26126  0.19528
11.35135  0.19682
11.44144  0.19837
11.53153  0.19991
11.62162  0.20145
11.71171  0.20299
11.80180  0.20453
11.89189  0.20607
11.98198  0.20760
12.07207  0.20914
12.16216  0.21068
12.25225  0.21222
12.34234  0.21375
12.43243  0.21529
12.52252  0.21682
12.61261  0.21836
12.70270  0.21989
12.79279  0.22143
12.88288  0.22296
12.97297  0.22449
13.06306  0.22602
13.15315  0.22755
13.24324  0.22909
13.33333  0.23062
13.42342  0.23215
13.51351  0.23367
13.60360  0.23520
13.69369  0.23673
13.78378  0.23826
13.87387  0.23979
13.96396  0.24131
14.05405  0.24284
14.14414  0.24436
14.23423  0.24589
14.32432  0.24741
14.41441  0.24893
14.50450  0.25046
14.59459  0.25198
14.68468  0.25350
14.77477  0.25502
14.86486  0.25654
14.95495  0.25806
15.04505  0.25958
15.13514  0.26110
15.22523  0.26261
15.31532  0.26413
15.40541  0.26565
15.49550  0.26716
15.58559  0.26868
15.67568  0.27019
15.76577  0.27171
15.85586  0.27322
15.94595  0.27473
16.03604  0.27624
16.12613  0.27775
16.21622  0.27926
16.30631  0.28077
16.39640  0.28228
16.48649  0.28379
16.57658  0.28530
16.66667  0.28680
16.75676  0.28831
16.84685  0.28981
16.93694  0.29132
17.02703  0.29282
17.11712  0.29433
17.20721  0.29583
17.29730  0.29733
17.38739  0.29883
17.47748  0.30033
17.56757  0.30183
17.65766  0.30333
17.74775  0.30483
17.83784  0.30632
17.92793  0.30782
18.01802  0.30932
18.10811  0.31081
18.19820  0.31231
18.28829  0.31380
18.37838  0.31529
18.46847  0.31678
18.55856  0.31827
18.64865  0.31976
18.73874  0.32125
18.82883  0.32274
18.91892  0.32423
19.00901  0.32572
19.09910  0.32720
19.18919  0.32869
19.27928  0.33017
19.36937  0.33166
19.45946  0.33314
19.54955  0.33462
19.63964  0.33610
19.72973  0.33758
19.81982  0.33906
19.90991  0.34054
20.00000  0.34202
20.09009  0.34350
20.18018  0.34497
20.27027  0.34645
20.36036  0.34792
20.45045  0.34940
20.54054  0.35087
20.63063  0.35234
20.72072  0.35381
20.81081  0.35528
20.90090  0.35675
20.99099  0.35822
21.08108  0.35969
21.17117  0.36116
21.26126  0.36262
21.35135  0.36409
21.44144  0.36555
21.53153  0.36701
21.62162  0.36848
21.71171  0.36994
21.80180  0.37140
21.89189  0.37286
21.98198  0.37431
22.07207  0.37577
22.16216  0.37723
22.25225  0.37868
22.34234  0.38014
22.43243  0.38159
22.52252  0.38305
22.61261  0.38450
22.70270  0.38595
22.79279  0.38740
22.88288  0.38885
22.97297  0.39030
23.06306  0.39174
23.15315  0.39319
23.24324  0.39464
23.33333  0.39608
23.42342  0.39752
23.51351  0.39897
23.60360  0.40041
23.69369  0.40185
23.78378  0.40329
23.87387  0.40472
23.96396  0.40616
24.05405  0.40760
24.14414  0.40903
24.23423  0.41047
24.32432  0.41190
24.41441  0.41333
24.50450  0.41476
24.59459  0.41620
24.68468  0.41762
24.77477  0.41905
24.86486  0.42048
24.95495  0.42191
25.04505  0.42333
25.13514  0.42475
25.22523  0.42618
25.31532  0.42760
25.40541  0.42902
25.49550  0.43044
25.58559  0.43186
25.67568  0.43328
25.76577  0.43469
25.85586  0.43611
25.94595  0.43752
26.03604  0.43894
26.12613  0.44035
26.21622  0.44176
26.30631  0.44317
26.39640  0.44458
26.48649  0.44599
26.57658  0.44739
26.66667  0.44880
26.75676  0.45020
26.84685  0.45161
26.93694  0.45301
27.02703  0.45441
27.11712  0.45581
27.20721  0.45721
27.29730  0.45861
27.38739  0.46000
27.47748  0.46140
27.56757  0.46279
27.65766  0.46419
27.74775  0.46558
27.83784  0.46697
27.92793  0.46836
28.01802  0.46975
28.10811  0.47114
28.19820  0.47252
28.28829  0.47391
28.37838  0.47529
28.46847  0.47668
28.55856  0.47806
28.64865  0.47944
28.73874  0.48082
28.82883  0.48219
28.91892  0.48357
29.00901  0.48495
29.09910  0.48632
29.18919  0.48769
29.27928  0.48907
29.36937  0.49044
29.45946  0.49181
29.54955  0.49318
29.63964  0.49454
29.72973  0.49591
29.81982  0.49727
29.90991  0.49864
30.00000  0.50000
30.09009  0.50136
30.18018  0.50272
30.27027  0.50408
30.36036  0.50544
30.45045  0.50679
30.54054  0.50815
30.63063  0.50950
30.72072  0.51085
30.81081  0.51220
30.90090  0.51355
30.99099  0.51490
31.08108  0.51625
31.17117  0.51760
31.26126  0.51894
31.35135  0.52028
31.44144  0.52163
31.53153  0.52297
31.62162  0.52431
31.71171  0.52565
31.80180  0.52698
31.89189  0.52832
31.98198  0.52965
32.07207  0.53099
32.16216  0.53232
32.25225  0.53365
32.34234  0.53498
32.43243  0.53630
32.52252  0.53763
32.61261  0.53896
32.70270  0.54028
32.79279  0.54160
32.88288  0.54292
32.97297  0.54424
33.06306  0.54556
33.15315  0.54688
33.24324  0.54819
33.33333  0.54951
33.42342  0.55082
33.51351  0.55213
33.60360  0.55344
33.69369  0.55475
33.78378  0.55606
33.87387  0.55737
33.96396  0.55867
34.05405  0.55997
34.14414  0.56128
34.23423  0.56258
34.32432  0.56388
34.41441  0.56517
34.50450  0.56647
34.59459  0.56777
34.68468  0.56906
34.77477  0.57035
34.86486  0.57164
34.95495  0.57293
35.04505  0.57422
35.13514  0.57551
35.22523  0.57679
35.31532  0.57808
35.40541  0.57936
35.49550  0.58064
35.58559  0.58192
35.67568  0.58320
35.76577  0.58447
35.85586  0.58575
35.94595  0.58702
36.03604  0.58829
36.12613  0.58956
36.21622  0.59083
36.30631  0.59210
36.39640  0.59337
36.48649  0.59463
36.57658  0.59590
36.66667  0.59716
36.75676  0.59842
36.84685  0.59968
36.93694  0.60094
37.02703  0.60219
37.11712  0.60345
37.20721  0.60470
37.29730  0.60595
37.38739  0.60720
37.47748  0.60845
37.56757  0.60970
37.65766  0.61094
37.74775  0.61219
37.83784  0.61343
37.92793  0.61467
38.01802  0.61591
38.10811  0.61715
38.19820  0.61838
38.28829  0.61962
38.37838  0.62085
38.46847  0.62208
38.55856  0.62331
38.64865  0.62454
38.73874  0.62577
38.82883  0.62700
38.91892  0.62822
39.00901  0.62944
39.09910  0.63066
39.18919  0.63188
39.27928  0.63310
39.36937  0.63432
39.45946  0.63553
39.54955  0.63675
39.63964  0.63796
39.72973  0.63917
39.81982  0.64038
39.90991  0.64158
40.00000  0.64279
40.09009  0.64399
40.18018  0.64519
40.27027  0.64639
40.36036  0.64759
40.45045  0.64879
40.54054  0.64999
40.63063  0.65118
40.72072  0.65237
40.81081  0.65356
40.90090  0.65475
40.99099  0.65594
41.08108  0.65713
41.17117  0.65831
41.26126  0.65949
41.35135  0.66067
41.44144  0.66185
41.53153  0.66303
41.62162  0.66421
41.71171  0.66538
41.80180  0.66656
41.89189  0.66773
41.98198  0.66890
42.07207  0.67006
42.16216  0.67123
42.25225  0.67240
42.34234  0.67356
42.43243  0.67472
42.52252  0.67588
42.61261  0.67704
42.70270  0.67819
42.79279  0.67935
42.88288  0.68050
42.97297  0.68165
43.06306  0.68280
43.15315  0.68395
43.24324  0.68510
43.33333  0.68624
43.42342  0.68738
43.51351  0.68853
43.60360  0.68967
43.69369  0.69080
43.78378  0.69194
43.87387  0.69307
43.96396  0.69421
44.05405  0.69534
44.14414  0.69647
44.23423  0.69759
44.32432  0.69872
44.41441  0.69984
44.50450  0.70097
44.59459  0.70209
44.68468  0.70320
44.77477  0.70432
44.86486  0.70544
44.95495  0.70655
45.04505  0.70766
45.13514  0.70877
45.22523  0.70988
45.31532  0.71099
45.40541  0.71209
45.49550  0.71320
45.58559  0.71430
45.67568  0.71540
45.76577  0.71649
45.85586  0.71759
45.94595  0.71868
46.03604  0.71978
46.12613  0.72087
46.21622  0.72196
46.30631  0.72304
46.39640  0.72413
46.48649  0.72521
46.57658  0.72629
46.66667  0.72737
46.75676  0.72845
46.84685  0.72953
46.93694  0.73060
47.02703  0.73168
47.11712  0.73275
47.20721  0.73382
47.29730  0.73488
47.38739  0.73595
47.47748  0.73701
47.56757  0.73807
47.65766  0.73913
47.74775  0.74019
47.83784  0.74125
47.92793  0.74230
48.01802  0.74336
48.10811  0.74441
48.19820  0.74546
48.28829  0.74650
48.37838  0.74755
48.46847  0.74859
48.55856  0.74963
48.64865  0.75067
48.73874  0.75171
48.82883  0.75275
48.91892  0.75378
49.00901  0.75481
49.09910  0.75584
49.18919  0.75687
49.27928  0.75790
49.36937  0.75892
49.45946  0.75995
49.54955  0.76097
49.63964  0.76199
49.72973  0.76300
49.81982  0.76402
49.90991  0.76503
50.00000  0.76604
50.09009  0.76705
50.18018  0.76806
50.27027  0.76907
50.36036  0.77007
50.45045  0.77107
50.54054  0.77207
50.63063  0.77307
50.72072  0.77407
50.81081  0.77506
50.90090  0.77606
50.99099  0.77705
51.08108  0.77804
51.17117  0.77902
51.26126  0.78001
51.35135  0.78099
51.44144  0.78197
51.53153  0.78295
51.62162  0.78393
51.71171  0.78490
51.80180  0.78588
51.89189  0.78685
51.98198  0.78782
52.07207  0.78878
52.16216  0.78975
52.25225  0.79071
52.34234  0.79168
52.43243  0.79263
52.52252  0.79359
52.61261  0.79455
52.70270  0.79550
52.79279  0.79645
52.88288  0.79740
52.97297  0.79835
53.06306  0.79930
53.15315  0.80024
53.24324  0.80118
53.33333  0.80212
53.42342  0.80306
53.51351  0.80400
53.60360  0.80493
53.69369  0.80586
53.78378  0.80679
53.87387  0.80772
53.96396  0.80865
54.05405  0.80957
54.14414  0.81049
54.23423  0.81141
54.32432  0.81233
54.41441  0.81325
54.50450  0.81416
54.59459  0.81507
54.68468  0.81598
54.77477  0.81689
54.86486  0.81780
54.95495  0.81870
55.04505  0.81960
55.13514  0.82050
55.22523  0.82140
55.31532  0.82230
55.40541  0.82319
55.49550  0.82408
55.58559  0.82497
55.67568  0.82586
55.76577  0.82674
55.85586  0.82763
55.94595  0.82851
56.03604  0.82939
56.12613  0.83027
56.21622  0.83114
56.30631  0.83202
56.39640  0.83289
56.48649  0.83376
56.57658  0.83462
56.66667  0.83549
56.75676  0.83635
56.84685  0.83721
56.93694  0.83807
57.02703  0.83893
57.11712  0.83978
57.20721  0.84063
57.29730  0.84149
57.38739  0.84233
57.47748  0.84318
57.56757  0.84402
57.65766  0.84487
57.74775  0.84571
57.83784  0.84654
57.92793  0.84738
58.01802  0.84821
58.10811  0.84905
58.19820  0.84988
58.28829  0.85070
58.37838  0.85153
58.46847  0.85235
58.55856  0.85317
58.64865  0.85399
58.73874  0.85481
58.82883  0.85562
58.91892  0.85644
59.00901  0.85725
59.09910  0.85806
59.18919  0.85886
59.27928  0.85967
59.36937  0.86047
59.45946  0.86127
59.54955  0.86207
59.63964  0.86286
59.72973  0.86366
59.81982  0.86445
59.90991  0.86524
60.00000  0.86603
60.09009  0.86681
60.18018  0.86759
60.27027  0.86837
60.36036  0.86915
60.45045  0.86993
60.54054  0.87070
60.63063  0.87148
60.72072  0.87225
60.81081  0.87301
60.90090  0.87378
60.99099  0.87454
61.08108  0.87530
61.17117  0.87606
61.26126  0.87682
61.35135  0.87758
61.44144  0.87833
61.53153  0.87908
61.62162  0.87983
61.71171  0.88057
61.80180  0.88132
61.89189  0.88206
61.98198  0.88280
62.07207  0.88354
62.16216  0.88427
62.25225  0.88501
62.34234  0.88574
62.43243  0.88647
62.52252  0.88719
62.61261  0.88792
62.70270  0.88864
62.79279  0.88936
62.88288  0.89008
62.97297  0.89079
63.06306  0.89151
63.15315  0.89222
63.24324  0.89293
63.33333  0.89363
63.42342  0.89434
63.51351  0.89504
63.60360  0.89574
63.69369  0.89644
63.78378  0.89713
63.87387  0.89783
63.96396  0.89852
64.05405  0.89921
64.14414  0.89989
64.23423  0.90058
64.32432  0.90126
64.41441  0.90194
64.50450  0.90262
64.59459  0.90329
64.68468  0.90397
64.77477  0.90464
64.86486  0.90531
64.95495  0.90598
65.04505  0.90664
65.13514  0.90730
65.22523  0.90796
65.31532  0.90862
65.40541  0.90928
65.49550  0.90993
65.58559  0.91058
65.67568  0.91123
65.76577  0.91188
65.85586  0.91252
65.94595  0.91316
66.03604  0.91380
66.12613  0.91444
66.21622  0.91507
66.30631  0.91571
66.39640  0.91634
66.48649  0.91697
66.57658  0.91759
66.66667  0.91822
66.75676  0.91884
66.84685  0.91946
66.93694  0.92007
67.02703  0.92069
67.11712  0.92130
67.20721  0.92191
67.29730  0.92252
67.38739  0.92313
67.47748  0.92373
67.56757  0.92433
67.65766  0.92493
67.74775  0.92553
67.83784  0.92612
67.92793  0.92671
68.01802  0.92730
68.10811  0.92789
68.19820  0.92847
68.28829  0.92906
68.37838  0.92964
68.46847  0.93022
68.55856  0.93079
68.64865  0.93137
68.73874  0.93194
68.82883  0.93251
68.91892  0.93307
69.00901  0.93364
69.09910  0.93420
69.18919  0.93476
69.27928  0.93532
69.36937  0.93587
69.45946  0.93642
69.54955  0.93697
69.63964  0.93752
69.72973  0.93807
69.81982  0.93861
69.90991  0.93915
70.00000  0.93969
70.09009  0.94023
70.18018  0.94076
70.27027  0.94130
70.36036  0.94183
70.45045  0.94235
70.54054  0.94288
70.63063  0.94340
70.72072  0.94392
70.81081  0.94444
70.90090  0.94495
70.99099  0.94547
71.08108  0.94598
71.17117  0.94649
71.26126  0.94699
71.35135  0.94750
71.44144  0.94800
71.53153  0.94850
71.62162  0.94900
71.71171  0.94949
71.80180  0.94998
71.89189  0.95047
71.98198  0.95096
72.07207  0.95144
72.16216  0.95193
72.25225  0.95241
72.34234  0.95289
72.43243  0.95336
72.52252  0.95384
72.61261  0.95431
72.70270  0.95477
72.79279  0.95524
72.88288  0.95571
72.97297  0.95617
73.06306  0.95663
73.15315  0.95708
73.24324  0.95754
73.33333  0.95799
73.42342  0.95844
73.51351  0.95889
73.60360  0.95933
73.69369  0.95977
73.78378  0.96021
73.87387  0.96065
73.96396  0.96109
74.05405  0.96152
74.14414  0.96195
74.23423  0.96238
74.32432  0.96281
74.41441  0.96323
74.50450  0.96365
74.59459  0.96407
74.68468  0.96449
74.77477  0.96490
74.86486  0.96531
74.95495  0.96572
75.04505  0.96613
75.13514  0.96653
75.22523  0.96694
75.31532  0.96734
75.40541  0.96773
75.49550  0.96813
75.58559  0.96852
75.67568  0.96891
75.76577  0.96930
75.85586  0.96968
75.94595  0.97007
76.03604  0.97045
76.12613  0.97083
76.21622  0.97120
76.30631  0.97158
76.39640  0.97195
76.48649  0.97231
76.57658  0.97268
76.66667  0.97304
76.75676  0.97341
76.84685  0.97377
76.93694  0.97412
77.02703  0.97448
77.11712  0.97483
77.20721  0.97518
77.29730  0.97552
77.38739  0.97587
77.47748  0.97621
77.56757  0.97655
77.65766  0.97689
77.74775  0.97722
77.83784  0.97756
77.92793  0.97789
78.01802  0.97821
78.10811  0.97854
78.19820  0.97886
78.28829  0.97918
78.37838  0.97950
78.46847  0.97981
78.55856  0.98013
78.64865  0.98044
78.73874  0.98075
78.82883  0.98105
78.91892  0.98136
79.00901  0.98166
79.09910  0.98196
79.18919  0.98225
79.27928  0.98255
79.36937  0.98284
79.45946  0.98313
79.54955  0.98341
79.63964  0.98370
79.72973  0.98398
79.81982  0.98426
79.90991  0.98453
80.00000  0.98481
80.09009  0.98508
80.18018  0.98535
80.27027  0.98562
80.36036  0.98588
80.45045  0.98614
80.54054  0.98640
80.63063  0.98666
80.72072  0.98691
80.81081  0.98717
80.90090  0.98742
80.99099  0.98766
81.08108  0.98791
81.17117  0.98815
81.26126  0.98839
81.35135  0.98863
81.44144  0.98886
81.53153  0.98910
81.62162  0.98933
81.71171  0.98956
81.80180  0.98978
81.89189  0.99000
81.98198  0.99022
82.07207  0.99044
82.16216  0.99066
82.25225  0.99087
82.34234  0.99108
82.43243  0.99129
82.52252  0.99150
82.61261  0.99170
82.70270  0.99190
82.79279  0.99210
82.88288  0.99229
82.97297  0.99249
83.06306  0.99268
83.15315  0.99287
83.24324  0.99305
83.33333  0.99324
83.42342  0.99342
83.51351  0.99360
83.60360  0.99377
83.69369  0.99395
83.78378  0.99412
83.87387  0.99429
83.96396  0.99446
84.05405  0.99462
84.14414  0.99478
84.23423  0.99494
84.32432  0.99510
84.41441  0.99525
84.50450  0.99540
84.59459  0.99555
84.68468  0.99570
84.77477  0.99584
84.86486  0.99599
84.95495  0.99613
85.04505  0.99626
85.13514  0.99640
85.22523  0.99653
85.31532  0.99666
85.40541  0.99679
85.49550  0.99691
85.58559  0.99703
85.67568  0.99715
85.76577  0.99727
85.85586  0.99739
85.94595  0.99750
86.03604  0.99761
86.12613  0.99772
86.21622  0.99782
86.30631  0.99792
86.39640  0.99802
86.48649  0.99812
86.57658  0.99822
86.66667  0.99831
86.75676  0.99840
86.84685  0.99849
86.93694  0.99857
87.02703  0.99865
87.11712  0.99873
87.20721  0.99881
87.29730  0.99889
87.38739  0.99896
87.47748  0.99903
87.56757  0.99910
87.65766  0.99916
87.74775  0.99923
87.83784  0.99929
87.92793  0.99935
88.01802  0.99940
88.10811  0.99945
88.19820  0.99951
88.28829  0.99955
88.37838  0.99960
88.46847  0.99964
88.55856  0.99968
88.64865  0.99972
88.73874  0.99976
88.82883  0.99979
88.91892  0.99982
89.00901  0.99985
89.09910  0.99988
89.18919  0.99990
89.27928  0.99992
89.36937  0.99994
89.45946  0.99996
89.54955  0.99997
89.63964  0.99998
89.72973  0.99999
89.81982  1.00000
89.90991  1.00000
90.00000  1.00000
