3.100000000000000089e+00
3.410000000000000142e+01
6.510000000000000853e+01
9.610000000000000853e+01
1.271000000000000085e+02
1.580999999999999943e+02
1.890999999999999943e+02
2.200999999999999943e+02
2.510999999999999943e+02
2.821000000000000227e+02
3.131000000000000227e+02
3.441000000000000227e+02
3.751000000000000227e+02
4.061000000000000227e+02
4.371000000000000227e+02
4.681000000000000227e+02
4.991000000000000227e+02
5.301000000000000227e+02
5.611000000000000227e+02
5.921000000000000227e+02
6.231000000000000227e+02
6.541000000000000227e+02
6.851000000000000227e+02
7.161000000000000227e+02
7.471000000000000227e+02
7.781000000000000227e+02
8.091000000000000227e+02
8.401000000000000227e+02
8.711000000000000227e+02
9.021000000000000227e+02
9.331000000000000227e+02
9.641000000000000227e+02
9.951000000000000227e+02
1.026100000000000136e+03
1.057100000000000136e+03
1.088100000000000136e+03
1.119100000000000136e+03
1.150100000000000136e+03
1.181100000000000136e+03
1.212100000000000136e+03
1.243100000000000136e+03
1.274100000000000136e+03
1.305100000000000136e+03
1.336100000000000136e+03
1.367100000000000136e+03
1.398100000000000136e+03
1.429100000000000136e+03
1.460100000000000136e+03
1.491100000000000136e+03
1.522100000000000136e+03
1.553100000000000136e+03
1.584100000000000136e+03
1.615100000000000136e+03
1.646100000000000136e+03
1.677100000000000136e+03
1.708100000000000136e+03
1.739100000000000136e+03
1.770100000000000136e+03
1.801100000000000136e+03
1.832100000000000136e+03
1.863100000000000136e+03
1.894100000000000136e+03
1.925100000000000136e+03
1.956100000000000136e+03
1.987100000000000136e+03
2.018100000000000136e+03
2.049099999999999909e+03
2.080099999999999909e+03
2.111099999999999909e+03
2.142099999999999909e+03
2.173099999999999909e+03
2.204099999999999909e+03
2.235099999999999909e+03
2.266099999999999909e+03
2.297099999999999909e+03
2.328099999999999909e+03
2.359099999999999909e+03
2.390099999999999909e+03
2.421099999999999909e+03
2.452099999999999909e+03
2.483099999999999909e+03
2.514099999999999909e+03
2.545099999999999909e+03
2.576099999999999909e+03
2.607099999999999909e+03
2.638099999999999909e+03
2.669099999999999909e+03
2.700099999999999909e+03
2.731099999999999909e+03
2.762099999999999909e+03
2.793099999999999909e+03
2.824099999999999909e+03
2.855099999999999909e+03
2.886099999999999909e+03
2.917099999999999909e+03
2.948099999999999909e+03
2.979099999999999909e+03
3.010099999999999909e+03
3.041099999999999909e+03
3.072099999999999909e+03
