0.000000000000000000e+00 0.000000000000000000e+00
1.572368695490386839e-03 1.572368047584594888e-03
3.144737390980773678e-03 3.144732207736360141e-03
4.717106086471160517e-03 4.717088593032077795e-03
6.289474781961547356e-03 6.289433316067750621e-03
7.861843477451934195e-03 7.861762489468215528e-03
9.434212172942321034e-03 9.434072225896754371e-03
1.100658086843270787e-02 1.100635863806470084e-02
1.257894956392309471e-02 1.257861783874105778e-02
1.415131825941348155e-02 1.415084594076210234e-02
1.572368695490386839e-02 1.572303905704099808e-02
1.729605565039425696e-02 1.729519330057740709e-02
1.886842434588464207e-02 1.886730478446708992e-02
2.044079304137502717e-02 2.043936962191153853e-02
2.201316173686541575e-02 2.201138392622756235e-02
2.358553043235580432e-02 2.358334381085690212e-02
2.515789912784618942e-02 2.515524538937584723e-02
2.673026782333657453e-02 2.672708477550483908e-02
2.830263651882696310e-02 2.829885808311808845e-02
2.987500521431735168e-02 2.987056142625316157e-02
3.144737390980773678e-02 3.144219091912060088e-02
3.301974260529812188e-02 3.301374267611354579e-02
3.459211130078851393e-02 3.458521281181731188e-02
3.616447999627889903e-02 3.615659744101901857e-02
3.773684869176928414e-02 3.772789267871717866e-02
3.930921738725966924e-02 3.929909464013131570e-02
4.088158608275005435e-02 4.087019944071157429e-02
4.245395477824044639e-02 4.244120319614830272e-02
4.402632347373083149e-02 4.401210202238166336e-02
4.559869216922121660e-02 4.558289203561124298e-02
4.717106086471160864e-02 4.715356935230567009e-02
4.874342956020199374e-02 4.872413008921215594e-02
5.031579825569237885e-02 5.029457036336618808e-02
5.188816695118276395e-02 5.186488629210102980e-02
5.346053564667314906e-02 5.343507399305741368e-02
5.503290434216354110e-02 5.500512958419307569e-02
5.660527303765392620e-02 5.657504918379235165e-02
5.817764173314431131e-02 5.814482891047582230e-02
5.975001042863470335e-02 5.971446488320988899e-02
6.132237912412508846e-02 6.128395322131632156e-02
6.289474781961547356e-02 6.285329004448193813e-02
6.446711651510586560e-02 6.442247147276813912e-02
6.603948521059624377e-02 6.599149362662048990e-02
6.761185390608663581e-02 6.756035262687838661e-02
6.918422260157702786e-02 6.912904459478454167e-02
7.075659129706740602e-02 7.069756565199465659e-02
7.232895999255779806e-02 7.226591192058699764e-02
7.390132868804817623e-02 7.383407952307192990e-02
7.547369738353856827e-02 7.540206458240159004e-02
7.704606607902896032e-02 7.696986322197937880e-02
7.861843477451933848e-02 7.853747156566960597e-02
8.019080347000973052e-02 8.010488573780707999e-02
8.176317216550010869e-02 8.167210186320662813e-02
8.333554086099050073e-02 8.323911606717276923e-02
8.490790955648089278e-02 8.480592447550919233e-02
8.648027825197127094e-02 8.637252321452837389e-02
8.805264694746166299e-02 8.793890841106125067e-02
8.962501564295205503e-02 8.950507619246661495e-02
9.119738433844243319e-02 9.107102268664081512e-02
9.276975303393282524e-02 9.263674402202731750e-02
9.434212172942321728e-02 9.420223632762625421e-02
9.591449042491359545e-02 9.576749573300395724e-02
9.748685912040398749e-02 9.733251836830263126e-02
9.905922781589436565e-02 9.889730036424977666e-02
1.006315965113847577e-01 1.004618378521679456e-01
1.022039652068751497e-01 1.020261269639840956e-01
1.037763339023655279e-01 1.035901638322393042e-01
1.053487025978559199e-01 1.051539445900982750e-01
1.069210712933462981e-01 1.067174653713588994e-01
1.084934399888366902e-01 1.082807223104618327e-01
1.100658086843270822e-01 1.098437115425000138e-01
1.116381773798174604e-01 1.114064292032282688e-01
1.132105460753078524e-01 1.129688714290728313e-01
1.147829147707982445e-01 1.145310343571409178e-01
1.163552834662886226e-01 1.160929141252302205e-01
1.179276521617790147e-01 1.176545068718385656e-01
1.195000208572694067e-01 1.192158087361733509e-01
1.210723895527597849e-01 1.207768158581611351e-01
1.226447582482501769e-01 1.223375243784572131e-01
1.242171269437405551e-01 1.238979304384550673e-01
1.257894956392309471e-01 1.254580301802960540e-01
1.273618643347213253e-01 1.270178197468787296e-01
1.289342330302117312e-01 1.285772952818686754e-01
1.305066017257021094e-01 1.301364529297076855e-01
1.320789704211924875e-01 1.316952888356235918e-01
1.336513391166828935e-01 1.332537991456397286e-01
1.352237078121732716e-01 1.348119800065842311e-01
1.367960765076636498e-01 1.363698275660999160e-01
1.383684452031540557e-01 1.379273379726536075e-01
1.399408138986444339e-01 1.394845073755455744e-01
1.415131825941348120e-01 1.410413319249193276e-01
1.430855512896251902e-01 1.425978077717708348e-01
1.446579199851155961e-01 1.441539310679582908e-01
1.462302886806059743e-01 1.457096979662114156e-01
1.478026573760963525e-01 1.472651046201411407e-01
1.493750260715867584e-01 1.488201471842490187e-01
1.509473947670771365e-01 1.503748218139367154e-01
1.525197634625675147e-01 1.519291246655156136e-01
1.540921321580579206e-01 1.534830518962162771e-01
1.556645008535482988e-01 1.550365996641978328e-01
1.572368695490386770e-01 1.565897641285576847e-01
1.588092382445290829e-01 1.581425414493408399e-01
1.603816069400194610e-01 1.596949277875494289e-01
1.619539756355098392e-01 1.612469193051522809e-01
1.635263443310002174e-01 1.627985121650943334e-01
1.650987130264906233e-01 1.643497025313061521e-01
1.666710817219810015e-01 1.659004865687133679e-01
1.682434504174713796e-01 1.674508604432462244e-01
1.698158191129617856e-01 1.690008203218490712e-01
1.713881878084521637e-01 1.705503623724897166e-01
1.729605565039425419e-01 1.720994827641690039e-01
1.745329251994329478e-01 1.736481776669303589e-01
1.761052938949233260e-01 1.751964432518689774e-01
1.776776625904137041e-01 1.767442756911416502e-01
1.792500312859041101e-01 1.782916711579759506e-01
1.808223999813944882e-01 1.798386258266798376e-01
1.823947686768848664e-01 1.813851358726510654e-01
1.839671373723752723e-01 1.829311974723866752e-01
1.855395060678656505e-01 1.844768068034923492e-01
1.871118747633560286e-01 1.860219600446919863e-01
1.886842434588464346e-01 1.875666533758371390e-01
1.902566121543368127e-01 1.891108829779163114e-01
1.918289808498271909e-01 1.906546450330645348e-01
1.934013495453175691e-01 1.921979357245728603e-01
1.949737182408079750e-01 1.937407512368976570e-01
1.965460869362983531e-01 1.952830877556700206e-01
1.981184556317887313e-01 1.968249414677054054e-01
1.996908243272791372e-01 1.983663085610128940e-01
2.012631930227695154e-01 1.999071852248046066e-01
2.028355617182598936e-01 2.014475676495052214e-01
2.044079304137502995e-01 2.029874520267613558e-01
2.059802991092406776e-01 2.045268345494508921e-01
2.075526678047310558e-01 2.060657114116925537e-01
2.091250365002214617e-01 2.076040788088552580e-01
2.106974051957118399e-01 2.091419329375673875e-01
2.122697738912022181e-01 2.106792699957263093e-01
2.138421425866925962e-01 2.122160861825078959e-01
2.154145112821830021e-01 2.137523776983756840e-01
2.169868799776733803e-01 2.152881407450903395e-01
2.185592486731637585e-01 2.168233715257191774e-01
2.201316173686541644e-01 2.183580662446454601e-01
2.217039860641445426e-01 2.198922211075776956e-01
2.232763547596349207e-01 2.214258323215591295e-01
2.248487234551253267e-01 2.229588960949771825e-01
2.264210921506157048e-01 2.244914086375726092e-01
2.279934608461060830e-01 2.260233661604490463e-01
2.295658295415964889e-01 2.275547648760823938e-01
2.311381982370868671e-01 2.290856009983300023e-01
2.327105669325772452e-01 2.306158707424401932e-01
2.342829356280676512e-01 2.321455703250616120e-01
2.358553043235580293e-01 2.336746959642524435e-01
2.374276730190484075e-01 2.352032438794899871e-01
2.390000417145388134e-01 2.367312102916797889e-01
2.405724104100291916e-01 2.382585914231650226e-01
2.421447791055195697e-01 2.397853834977359822e-01
2.437171478010099479e-01 2.413115827406392688e-01
2.452895164965003538e-01 2.428371853785871726e-01
2.468618851919907320e-01 2.443621876397669701e-01
2.484342538874811102e-01 2.458865857538502786e-01
2.500066225829715161e-01 2.474103759520024370e-01
2.515789912784618942e-01 2.489335544668916655e-01
2.531513599739522724e-01 2.504561175326985301e-01
2.547237286694426506e-01 2.519780613851251849e-01
2.562960973649330287e-01 2.534993822614047265e-01
2.578684660604234624e-01 2.550200764003104914e-01
2.594408347559138406e-01 2.565401400421650768e-01
2.610132034514042187e-01 2.580595694288502218e-01
2.625855721468945969e-01 2.595783608038155776e-01
2.641579408423849751e-01 2.610965104120882563e-01
2.657303095378753532e-01 2.626140145002819337e-01
2.673026782333657869e-01 2.641308693166063426e-01
2.688750469288561651e-01 2.656470711108763205e-01
2.704474156243465433e-01 2.671626161345213579e-01
2.720197843198369214e-01 2.686775006405945354e-01
2.735921530153272996e-01 2.701917208837821271e-01
2.751645217108176777e-01 2.717052731204125382e-01
2.767368904063081114e-01 2.732181536084659079e-01
2.783092591017984896e-01 2.747303586075828807e-01
2.798816277972888678e-01 2.762418843790744316e-01
2.814539964927792459e-01 2.777527271859305813e-01
2.830263651882696241e-01 2.792628832928300553e-01
2.845987338837600023e-01 2.807723489661493321e-01
2.861711025792503804e-01 2.822811204739716917e-01
2.877434712747408141e-01 2.837891940860968742e-01
2.893158399702311923e-01 2.852965660740497955e-01
2.908882086657215704e-01 2.868032327110902613e-01
2.924605773612119486e-01 2.883091902722218491e-01
2.940329460567023268e-01 2.898144350342011788e-01
2.956053147521927049e-01 2.913189632755471825e-01
2.971776834476831386e-01 2.928227712765504309e-01
2.987500521431735168e-01 2.943258553192818483e-01
3.003224208386638949e-01 2.958282116876024270e-01
3.018947895341542731e-01 2.973298366671723314e-01
3.034671582296446513e-01 2.988307265454597794e-01
3.050395269251350294e-01 3.003308776117504797e-01
3.066118956206254076e-01 3.018302861571567353e-01
3.081842643161158413e-01 3.033289484746266584e-01
3.097566330116062194e-01 3.048268608589532191e-01
3.113290017070965976e-01 3.063240196067834598e-01
3.129013704025869758e-01 3.078204210166277655e-01
3.144737390980773539e-01 3.093160613888689126e-01
3.160461077935677321e-01 3.108109370257711723e-01
3.176184764890581658e-01 3.123050442314895259e-01
3.191908451845485439e-01 3.137983793120786569e-01
3.207632138800389221e-01 3.152909385755024996e-01
3.223355825755293003e-01 3.167827183316427320e-01
3.239079512710196784e-01 3.182737148923085457e-01
3.254803199665100566e-01 3.197639245712452505e-01
3.270526886620004348e-01 3.212533436841437107e-01
3.286250573574908684e-01 3.227419685486492829e-01
3.301974260529812466e-01 3.242297954843709751e-01
3.317697947484716248e-01 3.257168208128905507e-01
3.333421634439620029e-01 3.272030408577716321e-01
3.349145321394523811e-01 3.286884519445688602e-01
3.364869008349427593e-01 3.301730504008367761e-01
3.380592695304331929e-01 3.316568325561390917e-01
3.396316382259235711e-01 3.331397947420575711e-01
3.412040069214139493e-01 3.346219332922014678e-01
3.427763756169043274e-01 3.361032445422160730e-01
3.443487443123947056e-01 3.375837248297922644e-01
3.459211130078850838e-01 3.390633704946752203e-01
3.474934817033755174e-01 3.405421778786736908e-01
3.490658503988658956e-01 3.420201433256687684e-01
3.506382190943562738e-01 3.434972631816232691e-01
3.522105877898466519e-01 3.449735337945905034e-01
3.537829564853370301e-01 3.464489515147235466e-01
3.553553251808274083e-01 3.479235126942838985e-01
3.569276938763177864e-01 3.493972136876508650e-01
3.585000625718082201e-01 3.508700508513305505e-01
3.600724312672985983e-01 3.523420205439643516e-01
3.616447999627889764e-01 3.538131191263386710e-01
3.632171686582793546e-01 3.552833429613935778e-01
3.647895373537697328e-01 3.567526884142317445e-01
3.663619060492601109e-01 3.582211518521274396e-01
3.679342747447505446e-01 3.596887296445357429e-01
3.695066434402409228e-01 3.611554181631011495e-01
3.710790121357313009e-01 3.626212137816668957e-01
3.726513808312216791e-01 3.640861128762837851e-01
3.742237495267120573e-01 3.655501118252190151e-01
3.757961182222024354e-01 3.670132070089653364e-01
3.773684869176928691e-01 3.684753948102499344e-01
3.789408556131832473e-01 3.699366716140432554e-01
3.805132243086736255e-01 3.713970338075681110e-01
3.820855930041640036e-01 3.728564777803086150e-01
3.836579616996543818e-01 3.743149999240188985e-01
3.852303303951447599e-01 3.757725966327322142e-01
3.868026990906351381e-01 3.772292643027698733e-01
3.883750677861255718e-01 3.786849993327500719e-01
3.899474364816159500e-01 3.801397981235967172e-01
3.915198051771063281e-01 3.815936570785484760e-01
3.930921738725967063e-01 3.830465726031676565e-01
3.946645425680870845e-01 3.844985411053490343e-01
3.962369112635774626e-01 3.859495589953286787e-01
3.978092799590678963e-01 3.873996226856930569e-01
3.993816486545582745e-01 3.888487285913874714e-01
4.009540173500486526e-01 3.902968731297254967e-01
4.025263860455390308e-01 3.917440527203973066e-01
4.040987547410294090e-01 3.931902637854789440e-01
4.056711234365197871e-01 3.946355027494408141e-01
4.072434921320101653e-01 3.960797660391567887e-01
4.088158608275005990e-01 3.975230500839129766e-01
4.103882295229909771e-01 3.989653513154163278e-01
4.119605982184813553e-01 4.004066661678038486e-01
4.135329669139717335e-01 4.018469910776510945e-01
4.151053356094621116e-01 4.032863224839812188e-01
4.166777043049524898e-01 4.047246568282734658e-01
4.182500730004429235e-01 4.061619905544724407e-01
4.198224416959333016e-01 4.075983201089962149e-01
4.213948103914236798e-01 4.090336419407458735e-01
4.229671790869140580e-01 4.104679525011138419e-01
4.245395477824044361e-01 4.119012482439926570e-01
4.261119164778948143e-01 4.133335256257839041e-01
4.276842851733851925e-01 4.147647811054069322e-01
4.292566538688756261e-01 4.161950111443076250e-01
4.308290225643660043e-01 4.176242122064669493e-01
4.324013912598563825e-01 4.190523807584098925e-01
4.339737599553467606e-01 4.204795132692142889e-01
4.355461286508371388e-01 4.219056062105193128e-01
4.371184973463275170e-01 4.233306560565343601e-01
4.386908660418179506e-01 4.247546592840477642e-01
4.402632347373083288e-01 4.261776123724352883e-01
4.418356034327987070e-01 4.275995118036690634e-01
4.434079721282890851e-01 4.290203540623264145e-01
4.449803408237794633e-01 4.304401356355980757e-01
4.465527095192698415e-01 4.318588530132972947e-01
4.481250782147602751e-01 4.332765026878684922e-01
4.496974469102506533e-01 4.346930811543955886e-01
4.512698156057410315e-01 4.361085849106109968e-01
4.528421843012314096e-01 4.375230104569042822e-01
4.544145529967217878e-01 4.389363542963304887e-01
4.559869216922121660e-01 4.403486129346192435e-01
4.575592903877025441e-01 4.417597828801830273e-01
4.591316590831929778e-01 4.431698606441260568e-01
4.607040277786833560e-01 4.445788427402526111e-01
4.622763964741737341e-01 4.459867256850759687e-01
4.638487651696641123e-01 4.473935059978268458e-01
4.654211338651544905e-01 4.487991802004621111e-01
4.669935025606448686e-01 4.502037448176732237e-01
4.685658712561353023e-01 4.516071963768950037e-01
4.701382399516256805e-01 4.530095314083140146e-01
4.717106086471160586e-01 4.544107464448773892e-01
4.732829773426064368e-01 4.558108380223011569e-01
4.748553460380968150e-01 4.572098026790790137e-01
4.764277147335871931e-01 4.586076369564907607e-01
4.780000834290776268e-01 4.600043373986109629e-01
4.795724521245680050e-01 4.613999005523171659e-01
4.811448208200583831e-01 4.627943229672989434e-01
4.827171895155487613e-01 4.641876011960660020e-01
4.842895582110391395e-01 4.655797317939570634e-01
4.858619269065295176e-01 4.669707113191479131e-01
4.874342956020198958e-01 4.683605363326604487e-01
4.890066642975103295e-01 4.697492033983707849e-01
4.905790329930007077e-01 4.711367090830178017e-01
4.921514016884910858e-01 4.725230499562118602e-01
4.937237703839814640e-01 4.739082225904430734e-01
4.952961390794718421e-01 4.752922235610898549e-01
4.968685077749622203e-01 4.766750494464273569e-01
4.984408764704526540e-01 4.780566968276359630e-01
5.000132451659430322e-01 4.794371622888096707e-01
5.015856138614334103e-01 4.808164424169646955e-01
5.031579825569237885e-01 4.821945338020476868e-01
5.047303512524141667e-01 4.835714330369442759e-01
5.063027199479045448e-01 4.849471367174876257e-01
5.078750886433949230e-01 4.863216414424666456e-01
5.094474573388853011e-01 4.876949438136344295e-01
5.110198260343756793e-01 4.890670404357167489e-01
5.125921947298660575e-01 4.904379279164203798e-01
5.141645634253565467e-01 4.918076028664416510e-01
5.157369321208469248e-01 4.931760618994743273e-01
5.173093008163373030e-01 4.945433016322186570e-01
5.188816695118276812e-01 4.959093186843894219e-01
5.204540382073180593e-01 4.972741096787240411e-01
5.220264069028084375e-01 4.986376712409913980e-01
5.235987755982988157e-01 4.999999999999998890e-01
5.251711442937891938e-01 5.013610925876057500e-01
5.267435129892795720e-01 5.027209456387216058e-01
5.283158816847699502e-01 5.040795557913244629e-01
5.298882503802603283e-01 5.054369196864643143e-01
5.314606190757507065e-01 5.067930339682723551e-01
5.330329877712410847e-01 5.081478952839690866e-01
5.346053564667315738e-01 5.095015002838730878e-01
5.361777251622219520e-01 5.108538456214085643e-01
5.377500938577123302e-01 5.122049279531142307e-01
5.393224625532027083e-01 5.135547439386515256e-01
5.408948312486930865e-01 5.149032902408126056e-01
5.424671999441834647e-01 5.162505635255286718e-01
5.440395686396738428e-01 5.175965604618782967e-01
5.456119373351642210e-01 5.189412777220957507e-01
5.471843060306545992e-01 5.202847119815787735e-01
5.487566747261449773e-01 5.216268599188975674e-01
5.503290434216353555e-01 5.229677182158023463e-01
5.519014121171257337e-01 5.243072835572315515e-01
5.534737808126162228e-01 5.256455526313206228e-01
5.550461495081066010e-01 5.269825221294095474e-01
5.566185182035969792e-01 5.283181887460512982e-01
5.581908868990873573e-01 5.296525491790203821e-01
5.597632555945777355e-01 5.309856001293202787e-01
5.613356242900681137e-01 5.323173383011918780e-01
5.629079929855584918e-01 5.336477604021222509e-01
5.644803616810488700e-01 5.349768631428515331e-01
5.660527303765392482e-01 5.363046432373823613e-01
5.676250990720296263e-01 5.376310974029870904e-01
5.691974677675200045e-01 5.389562223602162305e-01
5.707698364630103827e-01 5.402800148329067742e-01
5.723422051585007608e-01 5.416024715481898566e-01
5.739145738539912500e-01 5.429235892364993044e-01
5.754869425494816282e-01 5.442433646315789630e-01
5.770593112449720063e-01 5.455617944704918010e-01
5.786316799404623845e-01 5.468788754936273477e-01
5.802040486359527627e-01 5.481946044447096877e-01
5.817764173314431408e-01 5.495089780708058980e-01
5.833487860269335190e-01 5.508219931223338195e-01
5.849211547224238972e-01 5.521336463530701621e-01
5.864935234179142753e-01 5.534439345201583871e-01
5.880658921134046535e-01 5.547528543841170334e-01
5.896382608088950317e-01 5.560604027088473789e-01
5.912106295043854098e-01 5.573665762616419883e-01
5.927829981998757880e-01 5.586713718131919304e-01
5.943553668953662772e-01 5.599747861375953262e-01
5.959277355908566554e-01 5.612768160123650096e-01
5.975001042863470335e-01 5.625774582184369654e-01
5.990724729818374117e-01 5.638767095401777674e-01
6.006448416773277899e-01 5.651745667653926830e-01
6.022172103728181680e-01 5.664710266853337783e-01
6.037895790683085462e-01 5.677660860947076893e-01
6.053619477637989243e-01 5.690597417916836154e-01
6.069343164592893025e-01 5.703519905779013133e-01
6.085066851547796807e-01 5.716428292584785353e-01
6.100790538502700588e-01 5.729322546420198004e-01
6.116514225457604370e-01 5.742202635406233879e-01
6.132237912412508152e-01 5.755068527698898873e-01
6.147961599367413044e-01 5.767920191489296355e-01
6.163685286322316825e-01 5.780757595003706006e-01
6.179408973277220607e-01 5.793580706503668187e-01
6.195132660232124389e-01 5.806389494286053887e-01
6.210856347187028170e-01 5.819183926683150210e-01
6.226580034141931952e-01 5.831963972062732537e-01
6.242303721096835734e-01 5.844729598828147799e-01
6.258027408051739515e-01 5.857480775418392183e-01
6.273751095006643297e-01 5.870217470308184415e-01
6.289474781961547079e-01 5.882939652008050135e-01
6.305198468916450860e-01 5.895647289064392949e-01
6.320922155871354642e-01 5.908340350059578805e-01
6.336645842826258423e-01 5.921018803612009274e-01
6.352369529781163315e-01 5.933682618376202589e-01
6.368093216736067097e-01 5.946331763042864704e-01
6.383816903690970879e-01 5.958966206338975891e-01
6.399540590645874660e-01 5.971585917027860679e-01
6.415264277600778442e-01 5.984190863909267799e-01
6.430987964555682224e-01 5.996781015819446781e-01
6.446711651510586005e-01 6.009356341631227894e-01
6.462435338465489787e-01 6.021916810254094310e-01
6.478159025420393569e-01 6.034462390634260931e-01
6.493882712375297350e-01 6.046993051754752102e-01
6.509606399330201132e-01 6.059508762635480439e-01
6.525330086285104914e-01 6.072009492333315661e-01
6.541053773240008695e-01 6.084495209942168970e-01
6.556777460194913587e-01 6.096965884593068541e-01
6.572501147149817369e-01 6.109421485454228362e-01
6.588224834104721150e-01 6.121861981731134827e-01
6.603948521059624932e-01 6.134287342666616683e-01
6.619672208014528714e-01 6.146697537540922740e-01
6.635395894969432495e-01 6.159092535671795154e-01
6.651119581924336277e-01 6.171472306414550468e-01
6.666843268879240059e-01 6.183836819162151777e-01
6.682566955834143840e-01 6.196186043345285333e-01
6.698290642789047622e-01 6.208519948432434932e-01
6.714014329743951404e-01 6.220838503929958518e-01
6.729738016698855185e-01 6.233141679382165901e-01
6.745461703653760077e-01 6.245429444371387584e-01
6.761185390608663859e-01 6.257701768518058039e-01
6.776909077563567640e-01 6.269958621480783423e-01
6.792632764518471422e-01 6.282199972956422629e-01
6.808356451473375204e-01 6.294425792680157228e-01
6.824080138428278985e-01 6.306636050425570295e-01
6.839803825383182767e-01 6.318830716004720793e-01
6.855527512338086549e-01 6.331009759268212411e-01
6.871251199292990330e-01 6.343173150105275715e-01
6.886974886247894112e-01 6.355320858443839205e-01
6.902698573202797894e-01 6.367452854250604810e-01
6.918422260157701675e-01 6.379569107531117833e-01
6.934145947112605457e-01 6.391669588329847995e-01
6.949869634067510349e-01 6.403754266730259381e-01
6.965593321022414131e-01 6.415823112854882604e-01
6.981317007977317912e-01 6.427876096865392519e-01
6.997040694932221694e-01 6.439913188962682611e-01
7.012764381887125476e-01 6.451934359386933826e-01
7.028488068842029257e-01 6.463939578417691179e-01
7.044211755796933039e-01 6.475928816373939245e-01
7.059935442751836820e-01 6.487902043614172110e-01
7.075659129706740602e-01 6.499859230536465526e-01
7.091382816661644384e-01 6.511800347578555748e-01
7.107106503616548165e-01 6.523725365217908356e-01
7.122830190571451947e-01 6.535634253971791541e-01
7.138553877526355729e-01 6.547526984397349370e-01
7.154277564481260621e-01 6.559403527091676178e-01
7.170001251436164402e-01 6.571263852691885399e-01
7.185724938391068184e-01 6.583107931875187280e-01
7.201448625345971966e-01 6.594935735358958828e-01
7.217172312300875747e-01 6.606747233900813754e-01
7.232895999255779529e-01 6.618542398298679075e-01
7.248619686210683311e-01 6.630321199390866171e-01
7.264343373165587092e-01 6.642083608056139621e-01
7.280067060120490874e-01 6.653829595213792691e-01
7.295790747075394655e-01 6.665559131823719508e-01
7.311514434030298437e-01 6.677272188886483884e-01
7.327238120985202219e-01 6.688968737443393708e-01
7.342961807940106000e-01 6.700648748576572000e-01
7.358685494895010892e-01 6.712312193409026850e-01
7.374409181849914674e-01 6.723959043104724698e-01
7.390132868804818456e-01 6.735589268868658053e-01
7.405856555759722237e-01 6.747202841946925433e-01
7.421580242714626019e-01 6.758799733626790207e-01
7.437303929669529801e-01 6.770379915236762747e-01
7.453027616624433582e-01 6.781943358146662604e-01
7.468751303579337364e-01 6.793490033767697334e-01
7.484474990534241146e-01 6.805019913552523558e-01
7.500198677489144927e-01 6.816532968995328012e-01
7.515922364444048709e-01 6.828029171631889715e-01
7.531646051398952491e-01 6.839508493039655468e-01
7.547369738353857382e-01 6.850970904837808684e-01
7.563093425308761164e-01 6.862416378687336005e-01
7.578817112263664946e-01 6.873844886291102796e-01
7.594540799218568727e-01 6.885256399393920868e-01
7.610264486173472509e-01 6.896650889782618421e-01
7.625988173128376291e-01 6.908028329286108882e-01
7.641711860083280072e-01 6.919388689775461954e-01
7.657435547038183854e-01 6.930731943163970232e-01
7.673159233993087636e-01 6.942058061407225811e-01
7.688882920947991417e-01 6.953367016503179121e-01
7.704606607902895199e-01 6.964658780492216650e-01
7.720330294857798981e-01 6.975933325457228662e-01
7.736053981812702762e-01 6.987190623523673594e-01
7.751777668767607654e-01 6.998430646859653548e-01
7.767501355722511436e-01 7.009653367675974245e-01
7.783225042677415217e-01 7.020858758226224960e-01
7.798948729632318999e-01 7.032046790806839587e-01
7.814672416587222781e-01 7.043217437757164356e-01
7.830396103542126562e-01 7.054370671459531117e-01
7.846119790497030344e-01 7.065506464339323944e-01
7.861843477451934126e-01 7.076624788865043536e-01
7.877567164406837907e-01 7.087725617548382706e-01
7.893290851361741689e-01 7.098808922944285227e-01
7.909014538316645471e-01 7.109874677651022434e-01
7.924738225271549252e-01 7.120922854310254291e-01
7.940461912226453034e-01 7.131953425607101549e-01
7.956185599181357926e-01 7.142966364270210144e-01
7.971909286136261708e-01 7.153961643071820031e-01
7.987632973091165489e-01 7.164939234827832903e-01
8.003356660046069271e-01 7.175899112397878810e-01
8.019080347000973052e-01 7.186841248685383876e-01
8.034804033955876834e-01 7.197765616637634700e-01
8.050527720910780616e-01 7.208672189245850515e-01
8.066251407865684397e-01 7.219560939545245359e-01
8.081975094820588179e-01 7.230431840615093586e-01
8.097698781775491961e-01 7.241284865578802021e-01
8.113422468730395742e-01 7.252119987603973250e-01
8.129146155685299524e-01 7.262937179902471119e-01
8.144869842640203306e-01 7.273736415730487348e-01
8.160593529595108198e-01 7.284517668388609257e-01
8.176317216550011979e-01 7.295280911221885267e-01
8.192040903504915761e-01 7.306026117619887073e-01
8.207764590459819543e-01 7.316753261016784027e-01
8.223488277414723324e-01 7.327462314891397543e-01
8.239211964369627106e-01 7.338153252767277701e-01
8.254935651324530888e-01 7.348826048212758755e-01
8.270659338279434669e-01 7.359480674841034631e-01
8.286383025234338451e-01 7.370117106310213329e-01
8.302106712189242232e-01 7.380735316323390194e-01
8.317830399144146014e-01 7.391335278628711203e-01
8.333554086099049796e-01 7.401916967019435134e-01
8.349277773053953577e-01 7.412480355334002402e-01
8.365001460008858469e-01 7.423025417456093900e-01
8.380725146963762251e-01 7.433552127314700941e-01
8.396448833918666033e-01 7.444060458884190767e-01
8.412172520873569814e-01 7.454550386184362054e-01
8.427896207828473596e-01 7.465021883280520409e-01
8.443619894783377378e-01 7.475474924283536104e-01
8.459343581738281159e-01 7.485909483349906246e-01
8.475067268693184941e-01 7.496325534681825831e-01
8.490790955648088723e-01 7.506723052527244366e-01
8.506514642602992504e-01 7.517102011179932486e-01
8.522238329557896286e-01 7.527462384979548560e-01
8.537962016512800068e-01 7.537804148311695318e-01
8.553685703467703849e-01 7.548127275607988684e-01
8.569409390422608741e-01 7.558431741346121058e-01
8.585133077377512523e-01 7.568717520049917935e-01
8.600856764332416304e-01 7.578984586289410075e-01
8.616580451287320086e-01 7.589232914680890119e-01
8.632304138242223868e-01 7.599462479886975874e-01
8.648027825197127649e-01 7.609673256616675818e-01
8.663751512152031431e-01 7.619865219625451269e-01
8.679475199106935213e-01 7.630038343715273008e-01
8.695198886061838994e-01 7.640192603734693444e-01
8.710922573016742776e-01 7.650327974578899903e-01
8.726646259971646558e-01 7.660444431189781245e-01
8.742369946926550339e-01 7.670541948555987810e-01
8.758093633881455231e-01 7.680620501712996928e-01
8.773817320836359013e-01 7.690680065743168425e-01
8.789541007791262794e-01 7.700720615775813460e-01
8.805264694746166576e-01 7.710742126987247813e-01
8.820988381701070358e-01 7.720744574600862942e-01
8.836712068655974139e-01 7.730727933887178160e-01
8.852435755610877921e-01 7.740692180163907254e-01
8.868159442565781703e-01 7.750637288796016211e-01
8.883883129520685484e-01 7.760563235195790943e-01
8.899606816475589266e-01 7.770469994822885029e-01
8.915330503430493048e-01 7.780357543184395208e-01
8.931054190385396829e-01 7.790225855834912450e-01
8.946777877340300611e-01 7.800074908376583016e-01
8.962501564295205503e-01 7.809904676459175077e-01
8.978225251250109284e-01 7.819715135780130888e-01
8.993948938205013066e-01 7.829506262084632295e-01
9.009672625159916848e-01 7.839278031165657357e-01
9.025396312114820629e-01 7.849030418864045844e-01
9.041119999069724411e-01 7.858763401068549204e-01
9.056843686024628193e-01 7.868476953715900502e-01
9.072567372979531974e-01 7.878171052790867712e-01
9.088291059934435756e-01 7.887845674326314782e-01
9.104014746889339538e-01 7.897500794403260471e-01
9.119738433844243319e-01 7.907136389150938305e-01
9.135462120799147101e-01 7.916752434746854306e-01
9.151185807754050883e-01 7.926348907416848055e-01
9.166909494708955775e-01 7.935925783435149317e-01
9.182633181663859556e-01 7.945483039124437985e-01
9.198356868618763338e-01 7.955020650855899600e-01
9.214080555573667120e-01 7.964538595049290848e-01
9.229804242528570901e-01 7.974036848172990632e-01
9.245527929483474683e-01 7.983515386744060027e-01
9.261251616438378464e-01 7.992974187328302227e-01
9.276975303393282246e-01 8.002413226540321389e-01
9.292698990348186028e-01 8.011832481043574816e-01
9.308422677303089809e-01 8.021231927550438456e-01
9.324146364257993591e-01 8.030611542822256865e-01
9.339870051212897373e-01 8.039971303669405378e-01
9.355593738167801154e-01 8.049311186951347841e-01
9.371317425122706046e-01 8.058631169576692121e-01
9.387041112077609828e-01 8.067931228503243402e-01
9.402764799032513610e-01 8.077211340738068568e-01
9.418488485987417391e-01 8.086471483337550614e-01
9.434212172942321173e-01 8.095711633407439711e-01
9.449935859897224955e-01 8.104931768102920930e-01
9.465659546852128736e-01 8.114131864628657542e-01
9.481383233807032518e-01 8.123311900238859851e-01
9.497106920761936300e-01 8.132471852237329601e-01
9.512830607716840081e-01 8.141611697977527706e-01
9.528554294671743863e-01 8.150731414862621982e-01
9.544277981626647644e-01 8.159830980345545992e-01
9.560001668581552536e-01 8.168910371929054559e-01
9.575725355536456318e-01 8.177969567165778164e-01
9.591449042491360100e-01 8.187008543658280679e-01
9.607172729446263881e-01 8.196027279059114878e-01
9.622896416401167663e-01 8.205025751070874618e-01
9.638620103356071445e-01 8.214003937446253678e-01
9.654343790310975226e-01 8.222961815988094614e-01
9.670067477265879008e-01 8.231899364549452036e-01
9.685791164220782790e-01 8.240816561033643683e-01
9.701514851175686571e-01 8.249713383394301491e-01
9.717238538130590353e-01 8.258589809635431545e-01
9.732962225085494135e-01 8.267445817811464037e-01
9.748685912040397916e-01 8.276281386027311004e-01
9.764409598995302808e-01 8.285096492438421834e-01
9.780133285950206590e-01 8.293891115250827673e-01
9.795856972905110371e-01 8.302665232721208044e-01
9.811580659860014153e-01 8.311418823156936364e-01
9.827304346814917935e-01 8.320151864916135453e-01
9.843028033769821716e-01 8.328864336407734159e-01
9.858751720724725498e-01 8.337556216091515093e-01
9.874475407679629280e-01 8.346227482478173476e-01
9.890199094634533061e-01 8.354878114129363764e-01
9.905922781589436843e-01 8.363508089657760713e-01
9.921646468544340625e-01 8.372117387727107118e-01
9.937370155499244406e-01 8.380705987052263772e-01
9.953093842454148188e-01 8.389273866399272750e-01
9.968817529409053080e-01 8.397821004585397375e-01
9.984541216363956861e-01 8.406347380479181064e-01
1.000026490331886064e+00 8.414852973000501724e-01
1.001598859027376331e+00 8.423337761120616163e-01
1.003171227722866821e+00 8.431801723862223374e-01
1.004743596418357088e+00 8.440244840299502282e-01
1.006315965113847577e+00 8.448667089558177246e-01
1.007888333809338066e+00 8.457068450815560245e-01
1.009460702504828333e+00 8.465448903300605288e-01
1.011033071200318822e+00 8.473808426293961693e-01
1.012605439895809090e+00 8.482146999128021836e-01
1.014177808591299579e+00 8.490464601186977767e-01
1.015750177286789846e+00 8.498761211906863400e-01
1.017322545982280335e+00 8.507036810775614466e-01
1.018894914677770602e+00 8.515291377333111811e-01
1.020467283373261091e+00 8.523524891171240236e-01
1.022039652068751359e+00 8.531737331933927360e-01
1.023612020764241848e+00 8.539928679317206894e-01
1.025184389459732115e+00 8.548098913069258620e-01
1.026756758155222604e+00 8.556248012990466112e-01
1.028329126850713093e+00 8.564375958933458932e-01
1.029901495546203360e+00 8.572482730803167028e-01
1.031473864241693850e+00 8.580568308556875134e-01
1.033046232937184117e+00 8.588632672204259411e-01
1.034618601632674606e+00 8.596675801807451833e-01
1.036190970328164873e+00 8.604697677481075724e-01
1.037763339023655362e+00 8.612698279392306810e-01
1.039335707719145629e+00 8.620677587760913196e-01
1.040908076414636119e+00 8.628635582859309761e-01
1.042480445110126386e+00 8.636572245012604787e-01
1.044052813805616875e+00 8.644487554598648815e-01
1.045625182501107142e+00 8.652381492048081268e-01
1.047197551196597631e+00 8.660254037844384856e-01
1.048769919892088121e+00 8.668105172523927759e-01
1.050342288587578388e+00 8.675934876676011376e-01
1.051914657283068877e+00 8.683743130942925825e-01
1.053487025978559144e+00 8.691529916019986590e-01
1.055059394674049633e+00 8.699295212655595577e-01
1.056631763369539900e+00 8.707039001651273313e-01
1.058204132065030389e+00 8.714761263861723339e-01
1.059776500760520657e+00 8.722461980194861075e-01
1.061348869456011146e+00 8.730141131611880434e-01
1.062921238151501413e+00 8.737798699127283797e-01
1.064493606846991902e+00 8.745434663808940856e-01
1.066065975542482169e+00 8.753049006778127472e-01
1.067638344237972658e+00 8.760641709209580075e-01
1.069210712933463148e+00 8.768212752331534521e-01
1.070783081628953415e+00 8.775762117425774944e-01
1.072355450324443904e+00 8.783289785827685936e-01
1.073927819019934171e+00 8.790795738926286962e-01
1.075500187715424660e+00 8.798279958164292314e-01
1.077072556410914927e+00 8.805742425038144416e-01
1.078644925106405417e+00 8.813183121098069339e-01
1.080217293801895684e+00 8.820602027948112323e-01
1.081789662497386173e+00 8.827999127246195510e-01
1.083362031192876440e+00 8.835374400704150144e-01
1.084934399888366929e+00 8.842727830087776519e-01
1.086506768583857196e+00 8.850059397216871737e-01
1.088079137279347686e+00 8.857369083965292988e-01
1.089651505974838175e+00 8.864656872260985310e-01
1.091223874670328442e+00 8.871922744086039314e-01
1.092796243365818931e+00 8.879166681476728940e-01
1.094368612061309198e+00 8.886388666523556967e-01
1.095940980756799688e+00 8.893588681371301652e-01
1.097513349452289955e+00 8.900766708219056689e-01
1.099085718147780444e+00 8.907922729320282285e-01
1.100658086843270711e+00 8.915056726982836244e-01
1.102230455538761200e+00 8.922168683569036141e-01
1.103802824234251467e+00 8.929258581495682634e-01
1.105375192929741957e+00 8.936326403234120530e-01
1.106947561625232446e+00 8.943372131310270978e-01
1.108519930320722713e+00 8.950395748304678101e-01
1.110092299016213202e+00 8.957397236852552291e-01
1.111664667711703469e+00 8.964376579643815734e-01
1.113237036407193958e+00 8.971333759423140153e-01
1.114809405102684225e+00 8.978268758989988996e-01
1.116381773798174715e+00 8.985181561198671840e-01
1.117954142493664982e+00 8.992072148958365485e-01
1.119526511189155471e+00 8.998940505233180565e-01
1.121098879884645738e+00 9.005786613042181532e-01
1.122671248580136227e+00 9.012610455459445502e-01
1.124243617275626494e+00 9.019412015614093336e-01
1.125815985971116984e+00 9.026191276690338494e-01
1.127388354666607473e+00 9.032948221927521448e-01
1.128960723362097740e+00 9.039682834620158536e-01
1.130533092057588229e+00 9.046395098117978595e-01
1.132105460753078496e+00 9.053084995825965153e-01
1.133677829448568986e+00 9.059752511204397507e-01
1.135250198144059253e+00 9.066397627768890688e-01
1.136822566839549742e+00 9.073020329090442093e-01
1.138394935535040009e+00 9.079620598795460351e-01
1.139967304230530498e+00 9.086198420565817502e-01
1.141539672926020765e+00 9.092753778138882303e-01
1.143112041621511255e+00 9.099286655307565752e-01
1.144684410317001522e+00 9.105797035920353277e-01
1.146256779012492011e+00 9.112284903881355813e-01
1.147829147707982500e+00 9.118750243150336443e-01
1.149401516403472767e+00 9.125193037742759250e-01
1.150973885098963256e+00 9.131613271729831505e-01
1.152546253794453524e+00 9.138010929238530311e-01
1.154118622489944013e+00 9.144385994451655897e-01
1.155690991185434280e+00 9.150738451607859369e-01
1.157263359880924769e+00 9.157068285001689345e-01
1.158835728576415036e+00 9.163375478983629696e-01
1.160408097271905525e+00 9.169660017960132858e-01
1.161980465967395793e+00 9.175921886393663129e-01
1.163552834662886282e+00 9.182161068802738857e-01
1.165125203358376549e+00 9.188377549761957974e-01
1.166697572053867038e+00 9.194571313902053511e-01
1.168269940749357527e+00 9.200742345909912467e-01
1.169842309444847794e+00 9.206890630528630215e-01
1.171414678140338284e+00 9.213016152557539362e-01
1.172987046835828551e+00 9.219118896852249723e-01
1.174559415531319040e+00 9.225198848324686063e-01
1.176131784226809307e+00 9.231255991943122519e-01
1.177704152922299796e+00 9.237290312732223674e-01
1.179276521617790063e+00 9.243301795773082308e-01
1.180848890313280553e+00 9.249290426203249371e-01
1.182421259008770820e+00 9.255256189216778395e-01
1.183993627704261309e+00 9.261199070064257688e-01
1.185565996399751576e+00 9.267119054052849192e-01
1.187138365095242065e+00 9.273016126546321791e-01
1.188710733790732554e+00 9.278890272965092390e-01
1.190283102486222822e+00 9.284741478786255886e-01
1.191855471181713311e+00 9.290569729543627364e-01
1.193427839877203578e+00 9.296375010827769847e-01
1.195000208572694067e+00 9.302157308286042037e-01
1.196572577268184334e+00 9.307916607622619409e-01
1.198144945963674823e+00 9.313652894598541954e-01
1.199717314659165091e+00 9.319366155031738597e-01
1.201289683354655580e+00 9.325056374797073833e-01
1.202862052050145847e+00 9.330723539826372148e-01
1.204434420745636336e+00 9.336367636108461321e-01
1.206006789441126603e+00 9.341988649689196844e-01
1.207579158136617092e+00 9.347586566671509667e-01
1.209151526832107582e+00 9.353161373215428398e-01
1.210723895527597849e+00 9.358713055538120384e-01
1.212296264223088338e+00 9.364241599913922798e-01
1.213868632918578605e+00 9.369746992674380381e-01
1.215441001614069094e+00 9.375229220208273206e-01
1.217013370309559361e+00 9.380688268961657750e-01
1.218585739005049851e+00 9.386124125437892429e-01
1.220158107700540118e+00 9.391536776197676462e-01
1.221730476396030607e+00 9.396926207859083169e-01
1.223302845091520874e+00 9.402292407097588844e-01
1.224875213787011363e+00 9.407635360646109390e-01
1.226447582482501630e+00 9.412955055295031404e-01
1.228019951177992120e+00 9.418251477892248813e-01
1.229592319873482609e+00 9.423524615343187305e-01
1.231164688568972876e+00 9.428774454610842071e-01
1.232737057264463365e+00 9.434000982715813333e-01
1.234309425959953632e+00 9.439204186736329660e-01
1.235881794655444121e+00 9.444384053808289048e-01
1.237454163350934389e+00 9.449540571125283339e-01
1.239026532046424878e+00 9.454673725938634865e-01
1.240598900741915145e+00 9.459783505557423089e-01
1.242171269437405634e+00 9.464869897348524574e-01
1.243743638132895901e+00 9.469932888736632970e-01
1.245316006828386390e+00 9.474972467204297866e-01
1.246888375523876658e+00 9.479988620291954771e-01
1.248460744219367147e+00 9.484981335597952867e-01
1.250033112914857636e+00 9.489950600778588319e-01
1.251605481610347903e+00 9.494896403548133135e-01
1.253177850305838392e+00 9.499818731678871808e-01
1.254750219001328659e+00 9.504717573001115749e-01
1.256322587696819149e+00 9.509592915403253244e-01
1.257894956392309416e+00 9.514444746831767219e-01
1.259467325087799905e+00 9.519273055291265218e-01
1.261039693783290172e+00 9.524077828844514926e-01
1.262612062478780661e+00 9.528859055612468598e-01
1.264184431174270928e+00 9.533616723774293034e-01
1.265756799869761418e+00 9.538350821567405102e-01
1.267329168565251685e+00 9.543061337287489510e-01
1.268901537260742174e+00 9.547748259288536543e-01
1.270473905956232663e+00 9.552411575982869829e-01
1.272046274651722930e+00 9.557051275841169646e-01
1.273618643347213419e+00 9.561667347392510674e-01
1.275191012042703687e+00 9.566259779224378645e-01
1.276763380738194176e+00 9.570828559982709205e-01
1.278335749433684443e+00 9.575373678371910113e-01
1.279908118129174932e+00 9.579895123154890113e-01
1.281480486824665199e+00 9.584392883153086684e-01
1.283052855520155688e+00 9.588866947246498240e-01
1.284625224215645956e+00 9.593317304373701893e-01
1.286197592911136445e+00 9.597743943531891198e-01
1.287769961606626712e+00 9.602146853776896140e-01
1.289342330302117201e+00 9.606526024223210891e-01
1.290914698997607690e+00 9.610881444044029331e-01
1.292487067693097957e+00 9.615213102471256157e-01
1.294059436388588447e+00 9.619520988795549066e-01
1.295631805084078714e+00 9.623805092366336522e-01
1.297204173779569203e+00 9.628065402591844402e-01
1.298776542475059470e+00 9.632301908939127078e-01
1.300348911170549959e+00 9.636514600934088515e-01
1.301921279866040226e+00 9.640703468161507805e-01
1.303493648561530716e+00 9.644868500265071365e-01
1.305066017257020983e+00 9.649009686947391806e-01
1.306638385952511472e+00 9.653127017970034585e-01
1.308210754648001739e+00 9.657220483153547974e-01
1.309783123343492228e+00 9.661290072377480831e-01
1.311355492038982717e+00 9.665335775580414790e-01
1.312927860734472985e+00 9.669357582759984249e-01
1.314500229429963474e+00 9.673355483972903013e-01
1.316072598125453741e+00 9.677329469334989831e-01
1.317644966820944230e+00 9.681279529021189489e-01
1.319217335516434497e+00 9.685205653265599457e-01
1.320789704211924986e+00 9.689107832361496531e-01
1.322362072907415254e+00 9.692986056661355709e-01
1.323934441602905743e+00 9.696840316576876839e-01
1.325506810298396010e+00 9.700670602579009039e-01
1.327079178993886499e+00 9.704476905197970682e-01
1.328651547689376988e+00 9.708259215023278266e-01
1.330223916384867255e+00 9.712017522703764172e-01
1.331796285080357745e+00 9.715751818947604423e-01
1.333368653775848012e+00 9.719462094522336448e-01
1.334941022471338501e+00 9.723148340254891275e-01
1.336513391166828768e+00 9.726810547031601306e-01
1.338085759862319257e+00 9.730448705798240283e-01
1.339658128557809524e+00 9.734062807560028840e-01
1.341230497253300014e+00 9.737652843381668921e-01
1.342802865948790281e+00 9.741218804387363761e-01
1.344375234644280770e+00 9.744760681760833432e-01
1.345947603339771037e+00 9.748278466745342596e-01
1.347519972035261526e+00 9.751772150643723824e-01
1.349092340730752015e+00 9.755241724818387583e-01
1.350664709426242283e+00 9.758687180691362206e-01
1.352237078121732772e+00 9.762108509744297224e-01
1.353809446817223039e+00 9.765505703518493341e-01
1.355381815512713528e+00 9.768878753614925747e-01
1.356954184208203795e+00 9.772227651694257444e-01
1.358526552903694284e+00 9.775552389476863668e-01
1.360098921599184552e+00 9.778852958742850765e-01
1.361671290294675041e+00 9.782129351332085054e-01
1.363243658990165308e+00 9.785381559144197272e-01
1.364816027685655797e+00 9.788609574138614766e-01
1.366388396381146064e+00 9.791813388334580370e-01
1.367960765076636553e+00 9.794992993811165727e-01
1.369533133772127043e+00 9.798148382707295712e-01
1.371105502467617310e+00 9.801279547221767308e-01
1.372677871163107799e+00 9.804386479613267369e-01
1.374250239858598066e+00 9.807469172200397045e-01
1.375822608554088555e+00 9.810527617361680663e-01
1.377394977249578822e+00 9.813561807535595705e-01
1.378967345945069312e+00 9.816571735220581685e-01
1.380539714640559579e+00 9.819557392975067911e-01
1.382112083336050068e+00 9.822518773417481253e-01
1.383684452031540335e+00 9.825455869226278338e-01
1.385256820727030824e+00 9.828368673139947775e-01
1.386829189422521091e+00 9.831257177957042348e-01
1.388401558118011581e+00 9.834121376536187897e-01
1.389973926813502070e+00 9.836961261796102196e-01
1.391546295508992337e+00 9.839776826715613822e-01
1.393118664204482826e+00 9.842568064333686584e-01
1.394691032899973093e+00 9.845334967749419519e-01
1.396263401595463582e+00 9.848077530122080203e-01
1.397835770290953850e+00 9.850795744671114740e-01
1.399408138986444339e+00 9.853489604676164415e-01
1.400980507681934606e+00 9.856159103477084571e-01
1.402552876377425095e+00 9.858804234473957928e-01
1.404125245072915362e+00 9.861424991127114570e-01
1.405697613768405851e+00 9.864021366957144155e-01
1.407269982463896119e+00 9.866593355544919230e-01
1.408842351159386608e+00 9.869140950531599676e-01
1.410414719854877097e+00 9.871664145618657127e-01
1.411987088550367364e+00 9.874162934567888295e-01
1.413559457245857853e+00 9.876637311201431624e-01
1.415131825941348120e+00 9.879087269401779503e-01
1.416704194636838610e+00 9.881512803111794918e-01
1.418276563332328877e+00 9.883913906334726995e-01
1.419848932027819366e+00 9.886290573134226545e-01
1.421421300723309633e+00 9.888642797634357162e-01
1.422993669418800122e+00 9.890970574019612993e-01
1.424566038114290389e+00 9.893273896534934275e-01
1.426138406809780879e+00 9.895552759485718441e-01
1.427710775505271146e+00 9.897807157237833442e-01
1.429283144200761635e+00 9.900037084217636618e-01
1.430855512896252124e+00 9.902242534911984695e-01
1.432427881591742391e+00 9.904423503868243772e-01
1.434000250287232880e+00 9.906579985694315971e-01
1.435572618982723148e+00 9.908711975058634991e-01
1.437144987678213637e+00 9.910819466690194979e-01
1.438717356373703904e+00 9.912902455378552746e-01
1.440289725069194393e+00 9.914960935973846645e-01
1.441862093764684660e+00 9.916994903386805449e-01
1.443434462460175149e+00 9.919004352588767226e-01
1.445006831155665417e+00 9.920989278611683782e-01
1.446579199851155906e+00 9.922949676548135090e-01
1.448151568546646173e+00 9.924885541551349277e-01
1.449723937242136662e+00 9.926796868835201515e-01
1.451296305937627151e+00 9.928683653674236220e-01
1.452868674633117418e+00 9.930545891403674830e-01
1.454441043328607908e+00 9.932383577419429121e-01
1.456013412024098175e+00 9.934196707178105656e-01
1.457585780719588664e+00 9.935985276197027982e-01
1.459158149415078931e+00 9.937749280054241074e-01
1.460730518110569420e+00 9.939488714388521329e-01
1.462302886806059687e+00 9.941203574899390993e-01
1.463875255501550177e+00 9.942893857347128161e-01
1.465447624197040444e+00 9.944559557552773432e-01
1.467019992892530933e+00 9.946200671398147675e-01
1.468592361588021200e+00 9.947817194825850917e-01
1.470164730283511689e+00 9.949409123839286773e-01
1.471737098979002178e+00 9.950976454502660218e-01
1.473309467674492446e+00 9.952519182940989806e-01
1.474881836369982935e+00 9.954037305340124320e-01
1.476454205065473202e+00 9.955530817946746103e-01
1.478026573760963691e+00 9.956999717068376610e-01
1.479598942456453958e+00 9.958443999073395281e-01
1.481171311151944447e+00 9.959863660391041762e-01
1.482743679847434715e+00 9.961258697511429228e-01
1.484316048542925204e+00 9.962629106985544380e-01
1.485888417238415471e+00 9.963974885425264105e-01
1.487460785933905960e+00 9.965296029503366571e-01
1.489033154629396227e+00 9.966592535953527898e-01
1.490605523324886716e+00 9.967864401570342148e-01
1.492177892020377206e+00 9.969111623209319095e-01
1.493750260715867473e+00 9.970334197786900887e-01
1.495322629411357962e+00 9.971532122280463151e-01
1.496894998106848229e+00 9.972705393728327206e-01
1.498467366802338718e+00 9.973854009229761175e-01
1.500039735497828985e+00 9.974977965944996638e-01
1.501612104193319475e+00 9.976077261095226412e-01
1.503184472888809742e+00 9.977151891962614538e-01
1.504756841584300231e+00 9.978201855890307392e-01
1.506329210279790498e+00 9.979227150282432568e-01
1.507901578975280987e+00 9.980227772604112202e-01
1.509473947670771476e+00 9.981203720381464084e-01
1.511046316366261744e+00 9.982154991201608318e-01
1.512618685061752233e+00 9.983081582712681756e-01
1.514191053757242500e+00 9.983983492623832445e-01
1.515763422452732989e+00 9.984860718705225180e-01
1.517335791148223256e+00 9.985713258788060376e-01
1.518908159843713745e+00 9.986541110764565188e-01
1.520480528539204013e+00 9.987344272588006833e-01
1.522052897234694502e+00 9.988122742272692589e-01
1.523625265930184769e+00 9.988876517893979790e-01
1.525197634625675258e+00 9.989605597588275820e-01
1.526770003321165525e+00 9.990309979553045894e-01
1.528342372016656014e+00 9.990989662046815267e-01
1.529914740712146504e+00 9.991644643389180347e-01
1.531487109407636771e+00 9.992274921960796474e-01
1.533059478103127260e+00 9.992880496203402352e-01
1.534631846798617527e+00 9.993461364619811160e-01
1.536204215494108016e+00 9.994017525773915001e-01
1.537776584189598283e+00 9.994548978290694885e-01
1.539348952885088773e+00 9.995055720856217407e-01
1.540921321580579040e+00 9.995537752217640293e-01
1.542493690276069529e+00 9.995995071183217950e-01
1.544066058971559796e+00 9.996427676622301473e-01
1.545638427667050285e+00 9.996835567465339745e-01
1.547210796362540552e+00 9.997218742703889438e-01
1.548783165058031042e+00 9.997577201390608348e-01
1.550355533753521531e+00 9.997910942639263165e-01
1.551927902449011798e+00 9.998219965624732808e-01
1.553500271144502287e+00 9.998504269583005089e-01
1.555072639839992554e+00 9.998763853811184488e-01
1.556645008535483043e+00 9.998998717667488823e-01
1.558217377230973311e+00 9.999208860571255908e-01
1.559789745926463800e+00 9.999394282002938006e-01
1.561362114621954067e+00 9.999554981504110707e-01
1.562934483317444556e+00 9.999690958677468489e-01
1.564506852012934823e+00 9.999802213186832489e-01
1.566079220708425312e+00 9.999888744757140513e-01
1.567651589403915580e+00 9.999950553174458134e-01
1.569223958099406069e+00 9.999987638285973146e-01
1.570796326794896558e+00 1.000000000000000000e+00
